sf = { -0.7138408192181029, -0.4564704487134578, 0.07149717303742609 }
tau = { 2.262572177468109, 0.19719560904953343, -0.026075834104621488 }
